              precision    recall  f1-score   support

           0       1.00      0.33      0.50         6
           1       1.00      1.00      1.00         6
           2       0.83      0.83      0.83         6
           3       0.86      1.00      0.92         6
           4       0.86      1.00      0.92         6
           5       0.86      1.00      0.92         6
           6       1.00      1.00      1.00         6
           7       0.75      1.00      0.86         6
           8       0.75      1.00      0.86         6
           9       0.67      0.57      0.62         7
          10       1.00      1.00      1.00         6
          11       0.56      0.71      0.62         7
          12       1.00      1.00      1.00         6
          13       0.75      0.50      0.60         6
          14       1.00      0.40      0.57         5
          15       0.62      0.83      0.71         6
          16       0.83      0.83      0.83         6
          17       0.57      0.67      0.62         6
          18       1.00      0.83      0.91         6
          19       1.00      0.75      0.86         4

    accuracy                           0.82       119
   macro avg       0.85      0.81      0.81       119
weighted avg       0.84      0.82      0.81       119
