              precision    recall  f1-score   support

           0       1.00      0.33      0.50         6
           1       1.00      1.00      1.00         6
           2       0.86      1.00      0.92         6
           3       1.00      1.00      1.00         6
           4       0.86      1.00      0.92         6
           5       0.86      1.00      0.92         6
           6       0.86      1.00      0.92         6
           7       1.00      0.83      0.91         6
           8       0.67      1.00      0.80         6
           9       1.00      0.71      0.83         7
          10       0.86      1.00      0.92         6
          11       0.71      0.71      0.71         7
          12       1.00      0.83      0.91         6
          13       0.67      1.00      0.80         6
          14       1.00      0.80      0.89         5
          15       1.00      1.00      1.00         6
          16       1.00      1.00      1.00         6
          17       0.83      0.83      0.83         6
          18       1.00      0.83      0.91         6
          19       1.00      0.75      0.86         4

    accuracy                           0.88       119
   macro avg       0.91      0.88      0.88       119
weighted avg       0.91      0.88      0.88       119
