              precision    recall  f1-score   support

           0       0.50      0.33      0.40         6
           1       1.00      1.00      1.00         6
           2       0.83      0.83      0.83         6
           3       1.00      1.00      1.00         6
           4       0.80      0.67      0.73         6
           5       1.00      1.00      1.00         6
           6       1.00      1.00      1.00         6
           7       1.00      1.00      1.00         6
           8       0.67      1.00      0.80         6
           9       1.00      0.71      0.83         7
          10       0.83      0.83      0.83         6
          11       0.71      0.71      0.71         7
          12       1.00      0.83      0.91         6
          13       0.86      1.00      0.92         6
          14       0.67      0.40      0.50         5
          15       0.67      1.00      0.80         6
          16       0.86      1.00      0.92         6
          17       1.00      0.83      0.91         6
          18       0.75      1.00      0.86         6
          19       1.00      0.75      0.86         4

    accuracy                           0.85       119
   macro avg       0.86      0.85      0.84       119
weighted avg       0.86      0.85      0.84       119
