              precision    recall  f1-score   support

           0       0.50      0.50      0.50         6
           1       1.00      0.83      0.91         6
           2       0.43      0.50      0.46         6
           3       1.00      0.83      0.91         6
           4       0.57      0.67      0.62         6
           5       1.00      1.00      1.00         6
           6       0.75      1.00      0.86         6
           7       0.86      1.00      0.92         6
           8       0.67      1.00      0.80         6
           9       0.50      0.14      0.22         7
          10       1.00      1.00      1.00         6
          11       0.60      0.86      0.71         7
          12       1.00      0.67      0.80         6
          13       0.50      0.50      0.50         6
          14       1.00      0.40      0.57         5
          15       0.80      0.67      0.73         6
          16       0.62      0.83      0.71         6
          17       0.71      0.83      0.77         6
          18       0.80      0.67      0.73         6
          19       1.00      1.00      1.00         4

    accuracy                           0.74       119
   macro avg       0.77      0.74      0.74       119
weighted avg       0.76      0.74      0.73       119
