              precision    recall  f1-score   support

           0       1.00      0.50      0.67         6
           1       0.86      1.00      0.92         6
           2       1.00      0.83      0.91         6
           3       0.86      1.00      0.92         6
           4       1.00      0.83      0.91         6
           5       1.00      1.00      1.00         6
           6       1.00      0.83      0.91         6
           7       0.86      1.00      0.92         6
           8       0.60      1.00      0.75         6
           9       1.00      1.00      1.00         7
          10       0.83      0.83      0.83         6
          11       1.00      0.86      0.92         7
          12       1.00      0.83      0.91         6
          13       0.71      0.83      0.77         6
          14       1.00      0.80      0.89         5
          15       0.86      1.00      0.92         6
          16       0.71      0.83      0.77         6
          17       0.71      0.83      0.77         6
          18       0.83      0.83      0.83         6
          19       1.00      0.50      0.67         4

    accuracy                           0.87       119
   macro avg       0.89      0.86      0.86       119
weighted avg       0.89      0.87      0.86       119
