              precision    recall  f1-score   support

           0       1.00      0.33      0.50         6
           1       1.00      1.00      1.00         6
           2       1.00      1.00      1.00         6
           3       1.00      1.00      1.00         6
           4       1.00      0.83      0.91         6
           5       1.00      1.00      1.00         6
           6       0.86      1.00      0.92         6
           7       0.83      0.83      0.83         6
           8       0.60      1.00      0.75         6
           9       0.75      0.86      0.80         7
          10       1.00      1.00      1.00         6
          11       0.75      0.86      0.80         7
          12       0.83      0.83      0.83         6
          13       0.80      0.67      0.73         6
          14       1.00      0.60      0.75         5
          15       0.67      1.00      0.80         6
          16       1.00      1.00      1.00         6
          17       1.00      0.83      0.91         6
          18       1.00      0.83      0.91         6
          19       1.00      1.00      1.00         4

    accuracy                           0.87       119
   macro avg       0.90      0.87      0.87       119
weighted avg       0.90      0.87      0.87       119
