              precision    recall  f1-score   support

           0       1.00      0.50      0.67         6
           1       0.86      1.00      0.92         6
           2       1.00      1.00      1.00         6
           3       0.86      1.00      0.92         6
           4       1.00      1.00      1.00         6
           5       1.00      1.00      1.00         6
           6       1.00      0.83      0.91         6
           7       1.00      1.00      1.00         6
           8       0.60      1.00      0.75         6
           9       1.00      0.71      0.83         7
          10       0.60      1.00      0.75         6
          11       0.67      0.29      0.40         7
          12       1.00      0.83      0.91         6
          13       0.80      0.67      0.73         6
          14       1.00      0.40      0.57         5
          15       0.60      1.00      0.75         6
          16       1.00      0.83      0.91         6
          17       0.56      0.83      0.67         6
          18       0.83      0.83      0.83         6
          19       1.00      0.75      0.86         4

    accuracy                           0.82       119
   macro avg       0.87      0.82      0.82       119
weighted avg       0.86      0.82      0.82       119
