              precision    recall  f1-score   support

           0       0.75      0.50      0.60         6
           1       1.00      1.00      1.00         6
           2       0.83      0.83      0.83         6
           3       1.00      1.00      1.00         6
           4       0.86      1.00      0.92         6
           5       1.00      1.00      1.00         6
           6       1.00      0.83      0.91         6
           7       1.00      1.00      1.00         6
           8       0.67      1.00      0.80         6
           9       1.00      0.57      0.73         7
          10       0.86      1.00      0.92         6
          11       0.50      0.86      0.63         7
          12       0.83      0.83      0.83         6
          13       0.83      0.83      0.83         6
          14       1.00      0.60      0.75         5
          15       0.67      1.00      0.80         6
          16       0.83      0.83      0.83         6
          17       0.67      0.67      0.67         6
          18       1.00      0.33      0.50         6
          19       1.00      0.75      0.86         4

    accuracy                           0.82       119
   macro avg       0.86      0.82      0.82       119
weighted avg       0.86      0.82      0.82       119
